8606
443939
108005
28803
647501
5455
62770
2723598
969516
11057
460749
2724411
3598
1923
299
5288209
1472225
9549472
66541
16682730
1472216
94381
460747
647878
2734117
659940
3194
2408467
5286934
657882
3213
22772
7308
3378440
33528
6603320
3243384
409301
653297
6763
2347892
7589
3240629
8371
6537502
5930
2733525
403
20250
2166675
2724385
793991
5284416
8722
104827
2406
206388
8816
254021
8749
19042
8805
6197
10866
9552079
8478
5935
11292
638015
24502
171660
5280795
1474489
6731
3117
6436079
41684
7573
659101
6603514
82917
785
5284469
5311103
19996
662965
5389617
2215161
262093
14710
701067
9074
375895
661826
892017
763882
891145
7586
663143
2537908
10757
320930
5284643
10788
5718631
9551964
597363
570353
4485
17142
3238641
1716838
5310753
5284626
53665
649492
13101
2998797
64142
25644
659822
2524461
2998738
5713121
3164059
460612
282594
5307716
664895
1472222
2082098
22586
2142309
313619
3237441
5702759
69026
6537493
26041
2846928
16195997
2233014
9562060
1475345
445154
871395
5702697
663191
12004724
3503
3247230
3237865
659735
1318
926663
10864994
2844723
12871037
2086090
5309798
6478
900795
6099
1472218
659413
972880
776361
815398
2788
16043
662393
646533
6603392
659518
890649
5759185
6364517
1516852
16192607
164981
10607
2391700
1941609
3245258
1540545
1316704
6603430
637930
5406370
2248499
5309169
4477
5398663
906542
2311082
887167
866503
15944801
1472220
705951
1475337
2188632
1015540
9551998
744236
5338551
666941
789893
15945060
2767330
659661
11957314
1002249
5717105
100335
16192954
5407397
11958727
2967368
648801
5307230
659623
2538553
3240968
793586
2537704
659917
584778
3241163
665480
24360
4811966
657611
649706
2077850
9549110
781047
723043
5721056
3609942
7381
655586
3238343
16188793
2882908
2374619
5310447
406171
893460
6167
2082094
1473969
659717
5930684
68589
5982653
976709
838877
637564
70848
6552076
1475343
888706
1002248
846401
3918052
3485
761213
2409986
3048
754503
648054
658731
2362025
658411
2112794
651082
648878
657314
893238
130606
9444
2354389
16187754
894322
837868
3278
3236803
1474461
1587413
72721
5761997
3242847
3702591
7472
9549474
5389565
660258
3318216
2221997
5546
37839
972733
3606829
11957209
2430
5756371
5310655
840845
1245272
1271299
665561
654089
2303313
650462
657680
16192857
6009984
1262928
3239318
16192614
658614
1151859
650985
2608014
4993
3093671
2325816
3235799
2330223
323616
11957499
658734
2327953
646118
3816369
2408490
754796
712700
664044
11834470
4853030
2384712
617210
5721041
3242810
727588
4714602
649849
2535819
5283349
657546
658797
82533
2320547
1474465
16188230
6602861
3746037
2998676
750538
2928973
2930652
5336330
65047
807603
5210304
1789058
15945619
1093278
5359275
735943
3311051
3318213
1547963
15944971
663844
5265
16196147
2950423
2376815
9809
1474490
2056784
2337349
3850228
2944643
4263090
2997948
1292318
881472
708260
936105
265940
6603435
2911166
3241211
203396
459117
2229150
5378081
2386027
2673126
121637
2947294
801271
2325815
1907983
2200749
5925896
659038
3244215
5308606
759347
5718138
16012896
16682403
3237815
6263555
6371716
1474487
2927276
2953146
690911
2350207
9549688
6061070
457193
667131
20279
732622
5742561
22463
1767610
2246289
6103405
650707
4617342
892370
660939
5281855
662572
665618
7203047
3241690
5834362
663146
2114872
5307805
3245517
2260658
2820199
2952346
5282230
5284459
864329
5456435
655401
854635
2540894
663373
3239469
2997481
3128197
7329
3241256
15945679
658308
5825518
2769183
5742517
3244649
703759
242605
849451
2952123
2980973
1160447
751856
16196223
3108
3244178
9549141
3245546
1342143
877917
6602823
6603347
3235591
4543045
944164
11644907
2374706
992688
2552706
1093790
662276
5280445
5833488
652457